32 0.0 0.123046875 0.0666666666667 0.0
33 0.0666666666667 0.123046875 0.133333333333 0.0
34 0.133333333333 0.123046875 0.2 0.0
35 0.2 0.123046875 0.266666666667 0.0
36 0.266666666667 0.123046875 0.333333333333 0.0
37 0.333333333333 0.123046875 0.4 0.0
38 0.4 0.123046875 0.466666666667 0.0
39 0.466666666667 0.123046875 0.533333333333 0.0
40 0.533333333333 0.123046875 0.6 0.0
41 0.6 0.123046875 0.666666666667 0.0
42 0.666666666667 0.123046875 0.733333333333 0.0
43 0.733333333333 0.123046875 0.8 0.0
44 0.8 0.123046875 0.866666666667 0.0
45 0.866666666667 0.123046875 0.933333333333 0.0
46 0.933333333333 0.123046875 1.0 0.0
47 0.0 0.24609375 0.0666666666667 0.123046875
48 0.0666666666667 0.24609375 0.133333333333 0.123046875
49 0.133333333333 0.24609375 0.2 0.123046875
50 0.2 0.24609375 0.266666666667 0.123046875
51 0.266666666667 0.24609375 0.333333333333 0.123046875
52 0.333333333333 0.24609375 0.4 0.123046875
53 0.4 0.24609375 0.466666666667 0.123046875
54 0.466666666667 0.24609375 0.533333333333 0.123046875
55 0.533333333333 0.24609375 0.6 0.123046875
56 0.6 0.24609375 0.666666666667 0.123046875
57 0.666666666667 0.24609375 0.733333333333 0.123046875
58 0.733333333333 0.24609375 0.8 0.123046875
59 0.8 0.24609375 0.866666666667 0.123046875
60 0.866666666667 0.24609375 0.933333333333 0.123046875
61 0.933333333333 0.24609375 1.0 0.123046875
62 0.0 0.369140625 0.0666666666667 0.24609375
63 0.0666666666667 0.369140625 0.133333333333 0.24609375
64 0.133333333333 0.369140625 0.2 0.24609375
65 0.2 0.369140625 0.266666666667 0.24609375
66 0.266666666667 0.369140625 0.333333333333 0.24609375
67 0.333333333333 0.369140625 0.4 0.24609375
68 0.4 0.369140625 0.466666666667 0.24609375
69 0.466666666667 0.369140625 0.533333333333 0.24609375
70 0.533333333333 0.369140625 0.6 0.24609375
71 0.6 0.369140625 0.666666666667 0.24609375
72 0.666666666667 0.369140625 0.733333333333 0.24609375
73 0.733333333333 0.369140625 0.8 0.24609375
74 0.8 0.369140625 0.866666666667 0.24609375
75 0.866666666667 0.369140625 0.933333333333 0.24609375
76 0.933333333333 0.369140625 1.0 0.24609375
77 0.0 0.4921875 0.0666666666667 0.369140625
78 0.0666666666667 0.4921875 0.133333333333 0.369140625
79 0.133333333333 0.4921875 0.2 0.369140625
80 0.2 0.4921875 0.266666666667 0.369140625
81 0.266666666667 0.4921875 0.333333333333 0.369140625
82 0.333333333333 0.4921875 0.4 0.369140625
83 0.4 0.4921875 0.466666666667 0.369140625
84 0.466666666667 0.4921875 0.533333333333 0.369140625
85 0.533333333333 0.4921875 0.6 0.369140625
86 0.6 0.4921875 0.666666666667 0.369140625
87 0.666666666667 0.4921875 0.733333333333 0.369140625
88 0.733333333333 0.4921875 0.8 0.369140625
89 0.8 0.4921875 0.866666666667 0.369140625
90 0.866666666667 0.4921875 0.933333333333 0.369140625
91 0.933333333333 0.4921875 1.0 0.369140625
92 0.0 0.615234375 0.0666666666667 0.4921875
93 0.0666666666667 0.615234375 0.133333333333 0.4921875
94 0.133333333333 0.615234375 0.2 0.4921875
95 0.2 0.615234375 0.266666666667 0.4921875
96 0.266666666667 0.615234375 0.333333333333 0.4921875
97 0.333333333333 0.615234375 0.4 0.4921875
98 0.4 0.615234375 0.466666666667 0.4921875
99 0.466666666667 0.615234375 0.533333333333 0.4921875
100 0.533333333333 0.615234375 0.6 0.4921875
101 0.6 0.615234375 0.666666666667 0.4921875
102 0.666666666667 0.615234375 0.733333333333 0.4921875
103 0.733333333333 0.615234375 0.8 0.4921875
104 0.8 0.615234375 0.866666666667 0.4921875
105 0.866666666667 0.615234375 0.933333333333 0.4921875
106 0.933333333333 0.615234375 1.0 0.4921875
107 0.0 0.73828125 0.0666666666667 0.615234375
108 0.0666666666667 0.73828125 0.133333333333 0.615234375
109 0.133333333333 0.73828125 0.2 0.615234375
110 0.2 0.73828125 0.266666666667 0.615234375
111 0.266666666667 0.73828125 0.333333333333 0.615234375
112 0.333333333333 0.73828125 0.4 0.615234375
113 0.4 0.73828125 0.466666666667 0.615234375
114 0.466666666667 0.73828125 0.533333333333 0.615234375
115 0.533333333333 0.73828125 0.6 0.615234375
116 0.6 0.73828125 0.666666666667 0.615234375
117 0.666666666667 0.73828125 0.733333333333 0.615234375
118 0.733333333333 0.73828125 0.8 0.615234375
119 0.8 0.73828125 0.866666666667 0.615234375
120 0.866666666667 0.73828125 0.933333333333 0.615234375
121 0.933333333333 0.73828125 1.0 0.615234375
122 0.0 0.861328125 0.0666666666667 0.73828125
123 0.0666666666667 0.861328125 0.133333333333 0.73828125
124 0.133333333333 0.861328125 0.2 0.73828125
125 0.2 0.861328125 0.266666666667 0.73828125
126 0.266666666667 0.861328125 0.333333333333 0.73828125