32 0.0 0.1328125 0.0666666666667 0.0
33 0.0666666666667 0.1328125 0.133333333333 0.0
34 0.133333333333 0.1328125 0.2 0.0
35 0.2 0.1328125 0.266666666667 0.0
36 0.266666666667 0.1328125 0.333333333333 0.0
37 0.333333333333 0.1328125 0.4 0.0
38 0.4 0.1328125 0.466666666667 0.0
39 0.466666666667 0.1328125 0.533333333333 0.0
40 0.533333333333 0.1328125 0.6 0.0
41 0.6 0.1328125 0.666666666667 0.0
42 0.666666666667 0.1328125 0.733333333333 0.0
43 0.733333333333 0.1328125 0.8 0.0
44 0.8 0.1328125 0.866666666667 0.0
45 0.866666666667 0.1328125 0.933333333333 0.0
46 0.933333333333 0.1328125 1.0 0.0
47 0.0 0.265625 0.0666666666667 0.1328125
48 0.0666666666667 0.265625 0.133333333333 0.1328125
49 0.133333333333 0.265625 0.2 0.1328125
50 0.2 0.265625 0.266666666667 0.1328125
51 0.266666666667 0.265625 0.333333333333 0.1328125
52 0.333333333333 0.265625 0.4 0.1328125
53 0.4 0.265625 0.466666666667 0.1328125
54 0.466666666667 0.265625 0.533333333333 0.1328125
55 0.533333333333 0.265625 0.6 0.1328125
56 0.6 0.265625 0.666666666667 0.1328125
57 0.666666666667 0.265625 0.733333333333 0.1328125
58 0.733333333333 0.265625 0.8 0.1328125
59 0.8 0.265625 0.866666666667 0.1328125
60 0.866666666667 0.265625 0.933333333333 0.1328125
61 0.933333333333 0.265625 1.0 0.1328125
62 0.0 0.3984375 0.0666666666667 0.265625
63 0.0666666666667 0.3984375 0.133333333333 0.265625
64 0.133333333333 0.3984375 0.2 0.265625
65 0.2 0.3984375 0.266666666667 0.265625
66 0.266666666667 0.3984375 0.333333333333 0.265625
67 0.333333333333 0.3984375 0.4 0.265625
68 0.4 0.3984375 0.466666666667 0.265625
69 0.466666666667 0.3984375 0.533333333333 0.265625
70 0.533333333333 0.3984375 0.6 0.265625
71 0.6 0.3984375 0.666666666667 0.265625
72 0.666666666667 0.3984375 0.733333333333 0.265625
73 0.733333333333 0.3984375 0.8 0.265625
74 0.8 0.3984375 0.866666666667 0.265625
75 0.866666666667 0.3984375 0.933333333333 0.265625
76 0.933333333333 0.3984375 1.0 0.265625
77 0.0 0.53125 0.0666666666667 0.3984375
78 0.0666666666667 0.53125 0.133333333333 0.3984375
79 0.133333333333 0.53125 0.2 0.3984375
80 0.2 0.53125 0.266666666667 0.3984375
81 0.266666666667 0.53125 0.333333333333 0.3984375
82 0.333333333333 0.53125 0.4 0.3984375
83 0.4 0.53125 0.466666666667 0.3984375
84 0.466666666667 0.53125 0.533333333333 0.3984375
85 0.533333333333 0.53125 0.6 0.3984375
86 0.6 0.53125 0.666666666667 0.3984375
87 0.666666666667 0.53125 0.733333333333 0.3984375
88 0.733333333333 0.53125 0.8 0.3984375
89 0.8 0.53125 0.866666666667 0.3984375
90 0.866666666667 0.53125 0.933333333333 0.3984375
91 0.933333333333 0.53125 1.0 0.3984375
92 0.0 0.6640625 0.0666666666667 0.53125
93 0.0666666666667 0.6640625 0.133333333333 0.53125
94 0.133333333333 0.6640625 0.2 0.53125
95 0.2 0.6640625 0.266666666667 0.53125
96 0.266666666667 0.6640625 0.333333333333 0.53125
97 0.333333333333 0.6640625 0.4 0.53125
98 0.4 0.6640625 0.466666666667 0.53125
99 0.466666666667 0.6640625 0.533333333333 0.53125
100 0.533333333333 0.6640625 0.6 0.53125
101 0.6 0.6640625 0.666666666667 0.53125
102 0.666666666667 0.6640625 0.733333333333 0.53125
103 0.733333333333 0.6640625 0.8 0.53125
104 0.8 0.6640625 0.866666666667 0.53125
105 0.866666666667 0.6640625 0.933333333333 0.53125
106 0.933333333333 0.6640625 1.0 0.53125
107 0.0 0.796875 0.0666666666667 0.6640625
108 0.0666666666667 0.796875 0.133333333333 0.6640625
109 0.133333333333 0.796875 0.2 0.6640625
110 0.2 0.796875 0.266666666667 0.6640625
111 0.266666666667 0.796875 0.333333333333 0.6640625
112 0.333333333333 0.796875 0.4 0.6640625
113 0.4 0.796875 0.466666666667 0.6640625
114 0.466666666667 0.796875 0.533333333333 0.6640625
115 0.533333333333 0.796875 0.6 0.6640625
116 0.6 0.796875 0.666666666667 0.6640625
117 0.666666666667 0.796875 0.733333333333 0.6640625
118 0.733333333333 0.796875 0.8 0.6640625
119 0.8 0.796875 0.866666666667 0.6640625
120 0.866666666667 0.796875 0.933333333333 0.6640625
121 0.933333333333 0.796875 1.0 0.6640625
122 0.0 0.9296875 0.0666666666667 0.796875
123 0.0666666666667 0.9296875 0.133333333333 0.796875
124 0.133333333333 0.9296875 0.2 0.796875
125 0.2 0.9296875 0.266666666667 0.796875
126 0.266666666667 0.9296875 0.333333333333 0.796875